2605
488
749
531
161
33434
13783
443
9100
546
427
194
1812
3128
610
4444
5432
138
760
767
2049
88
540
513
110
22273
2401
113
363
39
5354
73
7000
7
512
2603
102
209
992
2104
123
4557
521
1720
3455
23
873
535
4011
2602
750
389
871
532
1997
3306
111
98
105
37
26208
808
63
21
464
7002
1985
174
6000
72
202
5002
60177
1524
27374
20
101
2003
8081
70
13721
2103
178
6010
22321
7009
49
487
1718
1525
1300
6667
2988
612
22305
1813
538
2150
519
754
5999
530
25
1986
137
752
139
543
1719
369
1080
67
444
587
18
199
13782
995
22289
115
2053
3130
465
2604
43
1911
526
15
7666
73
20011
80
26000
694
2431
445
13720
13
525
544
565
9359
434
1701
554
751
1512
1433
143
8008
69
13724
179
53
2433
7001
5308
496
71
636
7006
520
24554
765
2809
1645
468
107
611
1109
7100
22
220
106
204
50
117
17
7005
60179
1236
13722
79
210
20012
2601
7007
4559
5
1494
7008
8080
164
19
11720
191
548
68
206
9876
9
5355
5680
901
5232
370
993
1127
2102
119
514
213
7003
10081
953
1434
556
1789
2105
994
616
3346
2606
163
563
631
1646
10083
42
1
4321
177
1529
347
515
109
547
10080
201
372
435
2430
245
11
2600
10082
1178
95
1313
1649
162
1758
500
11371
7004
674
